0.447535
0.361355
0.320659
0.306818
0.554443
0.316520
0.320802
0.399494
0.329098
0.350633
0.605295
0.311275
0.459096
0.401266
0.265565
0.290609
0.283920
0.366625
0.382390
0.272500
0.257215
0.270677
0.272841
0.264411
0.271016
0.270338
0.259675
0.274214
0.289604
0.257822
0.292346
0.281054
0.254408
0.279597
0.281407
0.254088
0.283208
0.281054
0.256892
0.282309
0.279950
0.260705
0.297030
0.271589
0.284133
0.284105
0.279040
0.270101
0.340000
0.358134
0.416352
0.469773
0.399497
0.579014
0.575720
0.431619
0.283019
0.307497
0.316919
0.310000
0.317559
0.309227
0.278894
0.309343
0.372647
0.359296
0.316981
0.272500
0.317500
0.282147
0.270101
0.254408
0.273408
0.271016
0.360759
0.648284
0.880000
0.657534
0.777917
0.712159
0.358722
0.355117
0.407407
0.335092
0.367742
0.349081
0.319574
0.439735
0.449086
0.394805
0.448953
0.551680
0.387863
0.461337
0.558442
0.561941
0.422481
0.465969
0.510417
0.540127
0.500661
0.495946
0.412081
0.460000
0.359375
0.321250
0.302879
0.379699
0.327068
0.369811
0.325377
0.300126
0.329177
0.352428
0.296621
0.347935
0.351010
0.376263
0.316646
0.327500
0.384712
0.283042
0.266332
0.281761
0.284277
0.541823
0.493766
0.312030
0.271930
0.289111
0.287154
0.267746
0.403965
0.284818
0.258469
0.288582
0.279245
0.264151
0.273750
0.275344
0.262829
0.276808
0.271698
0.320802
0.338346
0.272956
0.260979
0.269521
0.275689
0.265664
0.348428
0.408805
0.543147
0.555695
0.630653
0.308913
0.321123
0.326406
0.327456
0.315723
0.323750
0.264080
0.357868
0.379526
0.370886
0.315121
0.301935
0.501901
0.403287
0.370603
0.281955
0.328321
0.450237
0.500000
0.308470
0.304786
0.281602
0.465174
0.315594
0.414013
0.279245
0.278195
0.262172
0.278954
0.277638
0.295369
0.316919
0.365672
0.269327
0.277847
0.278402
0.368553
0.461731
0.321608
0.306431
0.453283
0.718078
0.445000
0.367758
0.364557
0.343473
0.378344
0.387056
0.389914
0.512605
0.452991
0.361548
0.349206
0.515567
0.308750
0.419476
0.345912
0.471410
0.300126
0.301129
0.285714
0.350765
0.355867
0.445876
0.302564
0.288945
0.273869
0.291250
0.305106
0.456760
0.369779
0.352727
0.323857
0.306633
0.294486
0.372327
0.292714
0.373737
0.323678
0.363065
0.327478
0.320849
0.448060
0.415404
0.399494
0.388480
0.596273
0.456627
0.632282
0.427491
0.423707
0.392010
0.298113
0.274436
0.411392
0.452711
0.340025
0.459926
0.549875
0.412470
0.376574
0.409320
0.321159
0.421717
0.437892
0.364439
0.317259
0.431673
0.330413
0.397997
0.345432
0.360202
0.356962
0.581337
0.534629
0.322055
0.291250
0.274657
0.290000
0.300000
0.387500
0.281054
0.336283
0.281761
0.304726
0.284105
0.265664
0.283920
0.281796
0.280000
0.279650
0.279799
0.276596
0.280503
0.314070
0.348315
0.275344
0.282116
0.274780
0.293168
0.290727
0.371069
0.614891
0.486005
0.368921
0.390942
0.339394
0.377588
0.317839
0.314394
0.296815
0.345570
0.312821
0.329949
0.308767
0.284994
0.258145
0.280657
0.332487
0.538559
0.585213
0.485437
0.359199
0.307018
0.331234
0.315327
0.315327
0.307885
0.285714
0.301129
0.304130
0.292405
0.312821
0.354592
0.312579
0.371029
0.348131
0.353659
0.307787
0.270544
0.269620
0.288557
0.283544
0.340881
0.385678
0.389873
0.328283
0.305236
0.303185
0.300254
0.295685
0.290566
0.330598
0.305250
0.283750
0.274684
0.590000
0.595000
0.394737
0.273408
0.277215
0.262829
0.404255
0.340050
0.261905
0.556804
0.530663
0.263488
0.409034
0.488778
0.277638
0.274780
0.465496
0.413016
0.295511
0.281054
0.310388
0.300251
0.286426
0.267835
0.287879
0.287516
0.573980
0.586984
0.560302
0.393162
0.297365
0.304183
0.267003
0.357410
0.273183
0.267516
0.271919
0.290727
0.263488
0.273526
0.285176
0.260979
0.279950
0.291045
0.303440
0.315283
0.305764
0.292714
0.281407
0.374218
0.379267
0.373266
0.526515
0.575188
0.462025
0.310214
0.282663
0.287688
0.355499
0.359069
0.342201
0.350181
0.316646
0.375940
0.521357
0.451572
0.574655
0.682500
0.431421
0.304020
0.304893
0.291615
0.291615
0.307789
0.294192
0.289837
0.319018
0.310345
0.303797
0.453184
0.443510
0.474937
0.313823
0.320303
0.279799
0.283208
0.272613
0.280899
0.288750
0.272841
0.280000
0.285535
0.280000
0.272727
0.285714
0.271698
0.278402
0.287688
0.272271
0.271357
0.274905
0.267003
0.271698
0.434395
0.260979
0.269424
0.278195
0.263488
0.270911
0.282147
0.267588
0.275000
0.441948
0.450063
0.345044
0.285893
0.266332
0.273183
0.281054
0.303258
0.328321
0.297500
0.297264
0.346200
0.354037
0.391960
0.363864
0.302993
0.274314
0.284818
0.283767
0.273750
0.368750
0.570352
0.358056
0.327411
0.355082
0.391960
0.345000
0.287688
0.409320
0.360000
0.347066
0.276596
0.284644
0.294486
0.274214
0.274314
0.323714
0.568381
0.473684
0.302835
0.292367
0.275472
0.301115
0.344785
0.375148
0.435961
0.627500
0.434128
0.349502
0.740373
0.437736
0.286967
0.270338
0.389447
0.290727
0.307500
0.281602
0.289837
0.270338
0.268750
0.277500
0.264411
0.279597
0.278750
0.322055
0.417402
0.364213
0.288390
0.290886
0.356147
0.314465
0.292714
0.307692
0.302915
0.293233
0.316832
0.288917
0.289474
0.303371
0.290363
0.290566
0.409669
0.439644
0.367500
0.391740
0.301129
0.298246
0.320352
0.280350
0.285176
0.286967
0.283396
0.286250
0.527228
0.484316
0.330413
0.579474
0.456713
0.388398
0.285893
0.409320
0.532484
0.403042
0.300375
0.296954
0.355975
0.452323
0.352010
0.402985
0.600496
0.277154
0.293827
0.337037
0.270101
0.280350
0.442893
0.268170
0.277290
0.274780
0.363985
0.345387
0.340881
0.311083
0.357591
0.861286
0.530740
0.325815
0.278894
0.262233
0.290201
0.287327
0.265997
0.548346
0.486146
0.305382
0.293383
0.289141
0.400251
0.300123
0.393604
0.343789
0.443182
0.587421
0.576101
0.361702
0.356250
0.313676
0.292346
0.336261
0.267252
0.283019
0.280151
0.275126
0.283563
0.273526
0.261577
0.274809
0.366038
0.392723
0.320401
0.362720
0.342640
0.619898
0.576779
0.435000
0.315855
0.302500
0.285893
0.371029
0.317197
0.324937
0.344612
0.452381
0.443609
0.334165
0.344221
0.268695
0.281054
0.272613
0.296203
0.551072
0.552333
0.566250
0.305868
0.290201
0.329517
0.275472
0.270000
0.262829
0.340881
0.288917
0.265332
0.284105
0.275819
0.262893
0.284818
0.277638
0.264968
0.281922
0.275126
0.284461
0.313602
0.274780
0.279357
0.363184
0.268170
0.265332
0.272271
0.345477
0.308564
0.271589
0.266917
0.269762
0.277847
0.277290
0.267166
0.289474
0.277847
0.263158
0.283563
0.294486
0.264743
0.424968
0.324561
0.260979
0.284818
0.275344
0.261307
0.269762
0.332075
0.625000
0.355164
0.455000
0.484277
0.457862
0.416352
0.490590
0.633962
0.357233
0.299499
0.311083
0.282116
0.271589
0.305521
0.299876
0.258750
0.279099
0.273183
0.258750
0.278545
0.274780
0.258145
0.273183
0.264411
0.259074
0.271589
0.261905
0.265997
0.268507
0.269279
0.267835
0.512563
0.426065
0.366374
0.468085
0.505632
0.511307
0.407547
0.489975
0.375758
0.364679
0.301980
0.351828
0.349624
0.337940
0.261905
0.270440
0.263819
0.476788
0.561404
0.476904
0.552333
0.593009
0.375628
0.260979
0.290038
0.277987
0.260979
0.499374
0.327434
0.270754
0.325255
0.284625
0.266751
0.458438
0.644918
0.653652
0.594730
0.419476
0.519497
0.535939
0.293898
0.275731
0.272956
0.360051
0.278129
0.272956
0.270677
0.260599
0.276382
0.283563
0.343358
0.389169
0.613948
0.564394
0.515038
0.307885
0.281054
0.309343
0.367296
0.306045
0.280350
0.273183
0.261694
0.458795
0.335404
0.356696
0.347066
0.532075
0.390428
0.653266
0.643664
0.376090
0.608260
0.331242
0.296954
0.290241
0.305315
0.313539
0.297634
0.285357
0.270338
0.278894
0.276515
0.441624
0.570529
0.562500
0.367041
0.300375
0.292714
0.282663
0.294486
0.296894
0.284289
0.293082
0.294486
0.287500
0.300375
0.362025
0.259873
0.290038
0.276515
0.331658
0.289673
0.287879
0.281602
0.393216
0.361355
0.282828
0.518148
0.571788
0.599496
0.302267
0.318933
0.293451
0.351250
0.292866
0.279245
0.291457
0.358134
0.289246
0.310134
0.355164
0.280151
0.300000
0.287327
0.266836
0.288462
0.355164
0.344262
0.320352
0.369949
0.275126
0.399497
0.337264
0.372208
0.499376
0.425316
0.269182
0.343075
0.530075
0.260705
0.268600
0.274684
0.300761
0.335859
0.447704
0.266160
0.297899
0.317633
0.271589
0.281407
0.493655
0.560302
0.588972
0.385678
0.297092
0.356061
0.282472
0.442500
0.333753
0.270677
0.265332
0.271357
0.273526
0.270338
0.452261
0.274559
0.492405
0.558081
0.598002
0.336683
0.314322
0.308953
0.319797
0.289673
0.342929
0.276942
0.282854
0.286255
0.263625
0.314322
0.518750
0.260377
0.268507
0.272956
0.266836
0.